                                                                                                                                                                                                                                                                                                                               
                                                                                                                                                                                                                                                                                                                               
                                                                                                                                                                                                                                                                                                                               
                                                                                                                                                                                                                                                                                                                               
                                                                                                                                                                 133225                                                                                                                                                        
                                                                                                                                                     2222       35222222  13                                                                                                                                                   
                                                                                                                                             2521  1222222222253252222222222222525253                                                                                                                                          
                                                                                                                                            2222222222222222222222222222522222522222222                                                                                                                                        
                                                                                                                                     25     222222222222222222222222222222222222222222252 33552                                                                                                                                
                                                                                                                                   22222222222222222222222222222222222222222222222222222222222225225223  113                                                                                                                   
                                                                                                                                  22222222222222222222222222222222222222222222222222222222222222222222222225                                                                                                                   
                                                                                                                             22222222222222222222222222222222222222222222222222222222222222222222222222222222                                                                                                                  
                                                                                                                             22222222222222222222222222222222222222222222222222222222222222222222222222222225                                                                                                                  
                                                                                                                          3222222222222222222222223 2222252222222222222222222222222222222222222222222222222225                                                                                                                 
                                                                                                                     3   22252222222222222222222223  2222525222222222222222222222222222222222222222222222222222523                                                                                                             
                                                                                                                    2222222222222222222222222222223       2222222222222222222222222222222222222222222222222222222222223 2                                                                                                      
                                                                                                                   322222222222222222222222522237        2222222222222222222222222222222222222222222222222222222222222222                                                                                                      
                                                                                                                   22222222222222222222222222221         22222222222222222222222222222222222222222222222222222222222222223                                                                                                     
                                                                                                                22222222222222222222222222222222222       72222222222222222222222222222222222222222222222222222222222222222253                                                                                                 
                                                                                                               1525222222222222222222222222222222223 125222222222222222222222222222222222222222222222222222222222222222222222223                                                                                               
                                                                                                             52222222222222222222222222222222222222212222222222222222222222222222222222222222222222222222222222222222222222222255223                                                                                           
                                                                                                            22222222222222222222222222222222222222222222222222222222222222222222222222222222222222222222222222222222222222222222222221   22                                                                                    
                                                                                                       355222522222222222222222222222222222222222222222222222222222222222222222222222222222222222222222222222222222222222222222222222222251                                                                                    
                                                                                                     2222222222222222222222222222222222222222222222222222222222222222222222222222222222222222222222222222222222222222222222222222222222222                                                                                     
                                                                                                     2222222222222222222222222222222222222222222222222222222222222222222222222222222222222222222222222222222222222222222222222222222222222221                                                                                  
                                                                                                     222222222222222222222222222222222222222222222222222222222222222222222222222222222222222222222222222222222222222222222222222222222222222253                                                                                
                                                                                                    22222222222222222222222222222222222222222252517   31 7         71222222222222222222222222222222222222222222222222222222222222222222222222522523                                                                            
                                                                                                  752222222222222222222222222222222222222222222                       3222225225222222222222222222222222222222222222222222222222222222222222222222225                                                                          
                                                                                                  22222222222222222222222222222222222225522222                         1553     32222222222222222222222222222222222222222222222222222222222222222251                                                                           
                                                                                                 2222222222222222222222222222222222222222223                                    12222222222222222222222222222222222222222222222222222222222222222525                                                                           
                                                                                                1222222222222222222222222222222222252                                            22222222222222222222222222222222222222222222222222222222222222222223                                                                          
                                                                                                52222222222222222222222222222222531                                              1222222222222222222222222222222222222222222222222222222222222222222222                                                                        
                                                                                               32222222222222222222222222221                                                      7252222222222222222222222222222222222222222222222222222222222222222225                                                                       
                                                                                              15222222222222222222222222227                                                          3522222222222222222222222222222222222222222222222222222222222222225                                                                       
                                                                                              2222222222222222222222222253                                                              122222222222222222222222222222222222222222222222222222222222222221                                                                     
                                                                                              22222222222222222222222222                                725555555221                     12222222222222222222222222222222222222222222222222222222222222252                                                                     
                                                                                          32 52222222222222222222222251                             352222222222225222531                 12222222222222222222222222222222222222222222222222222222222222253                                                                    
                                                                                          222222222222222222222222222                            2522222222333132322222227                  322222222222222222222222222222222222222222222222222222222222222                                                                    
                                                                                          522222222222222222222222221                         12222221             723231                     13222222222222222222222222222222222222222222222222222222222221                                                                   
                                                                                         122222222222222222222222227                         3222257                                            3222222222222222222222222222222222222222222222222222222222222                                                                  
                                                                                       522222222222222222222222227                           522221   22225222222221                            7222222222222222222222222222222222222222222222222222222222223                                                                  
                                                                                       52222222222222222222222223                            7253  222522222222222222                           122222222222222222222222222222222222222222222222222222222222225                                                                
                                                                                       22222222222222222222222223                                25222222222222222222                            22222222222222222222222222222222222222222222222222222222225222                                                                
                                                                                       22222222222222222222222227                              75222253  322222222227                             2222222222222222222222222222222222222222222222222222222222222                                                                
                                                                                       52222222222222222222222                                12222222  152222222227                              2222222222222222222222222222222222222222222222222222222222225                                                                
                                                                                       22222222222222222222223        2252252237             152222222222222222221                               3222222222222222222222222222222222222222222222222222222222522                                                                 
                                                                                       22222222222222222222223      12222222222257           2222222222222225217                                7222222222222222222222222222222222222222222222222222222222222                                                                  
                                                                                       22222222222222222222223    72222225523177            32252255555231 7                                    3222222222222222222222222222222222222222222222222222222222222                                                                  
                                                                                        2222222222222222222251   22225                      223                                                  2222222222222222222222222222222222222222222222222222222222                                                                    
                                                                                       2522222222222222222222  152551     12253            122                                                    32222222222222222222222222222222222222222222222222222222253                                                                  
                                                                                       2222222222222222222227 522227  335222222521         223                                                     2222222222222222222222222222222222222222222222222222222225                                                                  
                                                                                        3222222222222222221 752223  722222222222223        221                                                     222222222222222222222222222222222222222222222222222222223                                                                   
                                                                                         2222222222222221   32251  32222222222222222       221                                                     522222222222222222222222222222222222222222222222222222223                                                                   
                                                                                         222222222222223    325  1222532222222227 12       321                                                    3222222222222222222222222222222222222222222222222222222221                                                                   
                                                                                        222222222222222         75222   22222253   52      723                                                    2222222222222222222222222222222222222222222222222222222222                                                                   
                                                                                       2222222222222222         122222252222251    221      22                                                    75222222222222222222222222222222222222222222222222222222222                                                                  
                                                                                       3222222222222223         3222225222227      523      22                                                       12222222222222222222222222222222222222222222222222222223                                                                  
                                                                                       2222222222222223          322252221        1522      357                                                       2522222222222222222222222222222222222222222222222222223                                                                  
                                                                                        322222222222223                           1222       53                                                      22222222222222222222222222222222222222222222222222222222                                                                  
                                                                                         22222222222223                           3225       32                                                      52222222222222222222222222222222222222222222222222222222                                                                  
                                                                                         22222222222223                          75222       127                                                     22222222222222222222222222222222222222222222222222222223                                                                  
                                                                                          5222222222222                          32222        1                                                     122222222222222222222222222222222222222222222222222222222                                                                  
                                                                                         52252222222222                          22227                                                            25252222222222222222222222222222222222222222222222222222222                                                                  
                                                                                         522222222222223                        72225 13    2227                                               22222222222222222222222222222222222222222222222222222222222223                                                                  
                                                                                         522222222222227                        15222222  35222                                               222222222222222222222222222222222222222222222222222222222222223                                                                  
                                                                                         222222222222223                         222222    222                                               3222222222222222222222222222222222222222222222222222222222222223                                                                  
                                                                                          222222222222257                           1                                                        7222222222222222222222222222222222222222222222222222222222222223                                                                  
                                                                                           25222222222221                                                                                    2222222222222222222222222222222222222222222222222222222222222223                                                                  
                                                                                            1522222222222                                                                                   15222222222222222222222222222222222222222222222222222222222222222                                                                  
                                                                                             2222222222251                                                                                  1222222222222222222222222222222222222222222222222222222222222222                                                                   
                                                                                             2222222222223                                                                                  2222222222222222222222222222222222222222222222222222222222222225                                                                   
                                                                                             5222222222252                          7 7 7317                                                2222222222222222222222222222222222222222222222222222222222222225                                                                   
                                                                                             22222222222222                       35522222222552377                                        3222222222222222222222222222222222222222222222222222222222222252                                                                    
                                                                                             22222222222222                       222222255522222225231                                    22222222222222222222222222222222222222222222222222222222222252                                                                      
                                                                                             525222222222222                      11231       711252222221                                 2222222222222222222222222222222222222222222222222222222222221                                                                       
                                                                                                2222222222221                                      712222227                              52222222222222222222222222222222222222222222222222222222222222                                                                       
                                                                                                 5222222222227                                         222222                            7222222222222222222222222222222222222222222222222222222222222253                                                                      
                                                                                                  252222222252                                          722223                          752222222222222222222222222222222222222222222222222222222222252                                                                        
                                                                                                  22222222222557 22                                                                     22222222222222222222222222222222222222222222222222222222222525                                                                         
                                                                                                   2222222222222 7253                                                                 722222222222222222222222222222222222222222222222222222222222227                                                                          
                                                                                                    2222222222222  32227                                                             725222222222222222222222222222222222222222222222222222222222222                                                                           
                                                                                                     22222222222227 7222223                        72252                            7222222222222222222222222222222222222222222222222222222222222222                                                                           
                                                                                                  15222222222222222   7225252223                12222221                           122222222222222222222222222222222222222222222222222222222222222221                                                                          
                                                                                               225252222222222222222    122222222222222222222252222222                            2222222222222222222222222222222222222222222222222222222222222222227                                                                          
                                                                                           25222222222222222222222222      72522222222222222222222221                           7222222222222222222222222222222222222222222222222222222222222225                                                                               
                                                                                        522252222222222222222222222222          322222222222222227                             32222222222222222222222222222222222222222222222222222222222222252                                                                               
                                                                                     5222222222222222222222222222222222               7132237                                 222222222222222222222222222222222222222222222222222222222222222222                                                                               
                                                                                  22252222222222222222222222222222222222                                                   732222222222222222222222222222222222222222222222222222222222222222222                                                                               
                                                                               352222222222222222222222222222222222222222                                                 1222222222222222222222222222222222222222222222222222222222222222222222                                                                               
                                                                             2222222222222222222222222222222222222222222227                                              22222222222222222222222222222222222222222222222222222222222222222222225                                                                               
                                                                           5252222222222222222222222222222222222222222222223                                           1222222222222222222222222222222222222222222222222222222222222222222222222                                                                               
                                                                        222222222222222222222222222222222222222222222222222227                                       122222222222222222222222222222222222222222222222222222222222222222222222257                                                                               
                                                                     25222222222222222222222222222222222222222222222222222222221                                  71522222222222222222222222222222222222222222222222222222222222222222222222222                                                                                
                                                                  2252252222222222222222222222222222222222222222222222222222222251                              7222222222222222222222222222222222222222222222222222222222222222222222222222222                                                                                
                                                              15222222222222222222222222222222222222222222222222222222222222222222521                        73222222222222222222222222222222222222222222222222222222222222222222222222222222221                                                                               
                                                            2222222222222222222222222222222222222222222222222222222222222222222222222223                 132222222222222222222222222222222222222222222222222222222222222222222222222222222222222                                                                               
                                                          2222222222222222222222222222222222222222222222222222222222222222222222222222222222233333332225222222222222222222222222222222222222222222222222222222222222222222222222222222222222222222                                                                             
                                                         222222222222222222222222222222222222222222222222222222222222222222222222222222222222222222222222222222222222222222222222222222222222222222222222222222222222222222222222222222222222222222                                                                            
                                                          552222222222222222222222222222222222222222222222222222222222222222222222222222222222222222222222222222222222222222222222222222222222222222222222222222222222222222222222222222222222222222                                                                           
                                                          25225222222222222222222222222222222222222222222222222222222222222222222222222222222222222222222222222222222222222222222222222222222222222222222222222222222222222222222222222222222222222222                                                                         
                                                            22222222222222222222222222222222222222222222222222222222222222222222222222222222222222222222222222222222222222222222222222222222222222222222222222222222222222222222222222222222222222225222                                                                       
                                                             522222222222222222222222222222222222222222222222222222222222222222222222222222222222222222222222222222222222222222222222222222222222222222222222222222222222222222222222222222222222222222223                                                                     
                                                              222222222222222222222222222222222222222222222222222222222222222222222222222222222222222222222222222222222222222222222222222222222222222222222222222222222222222222222222222222222222222222222                                                                    
                                                               3222222222222222222222222222222222222222222222222222222222222222222222222222222222222222222222222222222222222222222222222222222222222222222222222222222222222222222222222222222222222222222222                                                                  
                                                                 222222222222222222222222222222222222222222222222222222222222222222222222222222222222222222222222222222222222222222222222222222222222222222222222222222522222222222222222222222222222222222222                                                                 
                                                                  52222222222222222222222222222222222222222222222222225712222222222222222222222222222222222222222222222222222222222222222222222222222222222252222222222222222222222222222222222222222222222525                                                                 
                                                                    222222222222222222222222222222222222222222222222222      2222222222222222222222222222222222222222222222222222222222222222222222222222222252221       322222222222222222222222222222222252                                                                  
                                                                     22222222222222222222222222222222222222222222222222      2222222222222222222222222222222222222222222222222222222222222222222222222227                1522222222222222222222222222222222                                                                    
                                                                       2222222222222222222222222222222222222222222222257      322222222222222222222222222222222222222222222222222222222222222227                         122222222222222222222222222222222                                                                     
                                                                        122222222222222222222222222222222222222222222221       722222222222222222222222222222222222222222222222222222222225222                           2222222222222222222222222222222                                                                       
                                                                          3222222222222222222222222222222222222222222222          7322237 22222222222222222222222222222222222222222222222222527                         3222222222222222222222222222522                                                                        
                                                                            352222222222222222222222222222222222222222221                 12222222222222222222222222222222222222225555552 37 7                          22222222222222222222222222223                                                                          
                                                                               252222222222222222222222222222222222222222                  222252222222222222222222222222252522251                                     5222222222222222222222522225                                                                            
                                                                                2222222222222222222222222222222222222222257                  252222222222222222222222222222252223                                     322222222222222222222222225                                                                              
                                                                                   2222222222222222222222222222222222222225                    3222222222222222222222222221                                          15222222222222222222222222                                                                                
                                                                                     222222222222222222222222222222222222522                      7322222222222222222533                                             222222222222222222222222                                                                                  
                                                                                       222222222222222222222222222222222222227                         3732222222111                                                75222222222222222222223                                                                                    
                                                                                         12225222222222222222222222222222222223                                                                                     22222222222222222252                                                                                       
                                                                                            222222222222222222222222222222222222                                                                                   1222222222222222525                                                                                         
                                                                                               3522222222222222222222222222222225                                                                                  1222222222222251                                                                                            
                                                                                                  322222222222222222222222222222253                                                                               12222222252223                                                                                               
                                                                                                     22522222222222222222222222222227                                                                           3222522222222                                                                                                  
                                                                                                        322222222222222222222222222223                                                                        122222222553                                                                                                     
                                                                                                            222222222222222222222225222                                                                    12222222222                                                                                                         
                                                                                                               32222222222222222222522221                                                              322222222223                                                                                                            
                                                                                                                    3252222522222222222222                                                        322222252522                                                                                                                 
                                                                                                                         1552222222222222225                                              732522252222521                                                                                                                      
                                                                                                                              1252222222222222537 17          7771113327  77113225552222222222222221                                                                                                                           
                                                                                                                                    1252252222222222222222222222222222222222222222222222522521                                                                                                                                 
                                                                                                                                            732222252222222222222222222222222225222523                                                                                                                                         
                                                                                                                                                           13322222223331                                                                                                                                                      
                                                                                                                                                                                                                                                                                                                               
                                                                                                                                                                                                                                                                                                                               
                                                                                         555555555555    555555555555555555555555555555   55555555    555555                     55555555555               555555                                                                                                              
                                                                                          5555555555      555555 555555555  555555555      5555555   55555555                     555555555               55555555                                                                                                             
                                                                                            5555555        555     555555     555555         555      55555555                     5555555                 55555555                                                                                                            
                                                                                             555555        555     555555     5555555       555         5555555                    5555555                   555555                                                                                                            
                                                                                             5555555      555      555555      5555555      55        55 555555                    5555555                 555555555                                                                                                           
                                                                                              5555555    555       555555      5555555     555       555 5555555                   5555555                555 5555555                                                                                                          
                                                                                              5555555    555       555555       5555555   555       5555  5555555                  5555555               555   5555555                                                                                                         
                                                                                               5555555  555        555555        555555   555       555    555555                  5555555               555   5555555                                                                                                         
                                                                                                555555 555         555555        5555555 555       555 555 5555555                 5555555              555 555 5555555                                                                                                        
                                                                                                 555555555         555555         555555555        555 5555 5555555                5555555       555   555555555 5555555                                                                                                       
                                                                                                 555555 5          555555          55555555       555        5555555               5555555      5555   555        555555                                                                                                       
                                                                                                  555555           555555          5555555       5555         555555               5555555      5555  555         5555555                                                                                                      
                                                                                                  555555          55555555          555555      55555         5555555              5555555   5555555 55555        55555555                                                                                                     
                                                                                                   5555         555555555555         5555     555555555    555555555555          555555555 55555555555555555    555555555555                                                                                                   
                                                                                                                                                                                                                                                                                                                               
                                                                                                                                                                                                                                                                                                                               
                                                                                                                                                                                                                                                                                                                               
                                                                                                                                                                                                                                                                                                                               
                                                                                                                                                                                                                                                                                                                               
                                                                                                                                                                                                                                                                                                                               
                                                                                                                                                                                                                                                                                                                               
                                                                                                                                                                                                                                                                                                                               
                                                                                                                                                                                                                                                                                                                               
                                         55555555555555        55555555555        555555555          555555555  555555555 5555555    55555555555    555555555555555 555555 5555555     5555555                 55555 5555555   55555555555        55555 55555       5555555554      55555555                                   
                                       5555555  5555555      5555555 55555555     5555555555        555555555     5555555 555555555   555555554       55555 5555555 555555 5555555    555555555             55555555 5555555    555555555      55555555 5555555      5555555555       55555                                    
                                      555555      55555    5555555      555555        5555555       55555555       555555    5555555   5555555         555  5555    555555    5555      55555555           555555       5555     555555       555555      5555555       55555555       555                                     
                                     555555        5555   5555555       5555555        5555555     555555555       555555     555555   5555555         555  555     555555     555        555555          555555         555     555555      5555555       5555555     55 5555555      555                                     
                                    5555555         555   5555555        5555555      55555555     555555555       555555     555555   5555555         555  555     555555      55      55 555555        5555555         555     555555     5555555         555555     555 55555555    555                                     
                                    5555555              5555555         5555555      5 5555555   555 555555       555555    5555555   5555555         555          555555             555 5555555       5555555                 555555     5555555         5555555    555  55555555   555                                     
                                   55555555              5555555         5555555      55 555555   555 555555       555555 555555555    5555555         555          555555            555   555555       5555555                 555555     5555555         5555555    555   55555555  555                                     
                                   55555555              5555555         5555555      55 5555555 555  555555       555555 555555       5555555         555          555555           5555   5555555      5555555                 555555     5555555         5555555    555     5555555 555                                     
                                    5555555              55555555        5555555      55  5555555 55  555555       555555              5555555         555          555555           555 555 5555555     5555555                 555555     5555555         5555555    555      5555555 55                                     
                                    5555555          55   5555555        5555555      55   55555555   555555       555555              5555555         555          555555          555 55555 5555555    5555555          555    555555     5555555         555555     555       5555555                                       
                                     555555         555   5555555        555555       55   5555555    555555       555555              5555555         555          555555          555        555555     5555555        5555    555555      5555555       5555555     555        55555555                                     
                                      555555       5555     555555      555555        55    555555    555555       555555              5555555        555           555555         555         5555555     5555555       555     555555       555555      5555555      555         5555555    
